[0]
[2, 10, 30, 90, 160, 250]
[0]
[4, 20, 60, 180, 320, 450]
[0]
[25]
[6, 30, 90, 270, 400, 550]
[0]
[6, 30, 90, 270, 400, 550]
[8, 40, 100, 300, 450, 600]
[0]
[10, 50, 150, 450, 625, 750]
[4, 10]
[10, 50, 150, 450, 625, 750]
[12, 60, 180, 500, 700, 900]
[25]
[14, 70, 200, 550, 750, 950]
[0]
[14]
[16, 80, 220, 600, 800, 1000]
[0]
[18, 90, 250, 700, 875, 1050]
[0]
[18, 90, 250, 700, 875, 1050]
[20, 100, 300, 750, 925, 1100]
[25]
[22, 110, 330, 800, 975, 1150]
[22, 110, 330, 800, 975, 1150]
[4, 10]
[24, 120, 360, 850, 1025, 1200]
[0]
[26, 130, 390, 900, 1100, 1275]
[25, 130, 390, 900, 1100, 1275]
[0]
[28, 150, 450, 1000, 1200, 1400]
[25]
[0]
[35, 175, 500, 1100, 1300, 1500]
[0]
[50, 200, 600, 1400, 1700, 2000]